--------------- BLEU TRANSLATION SCORE ---------------

Candidate file: gtranslate.tok
Reference file: e.tok

Sentence1:0.5317417453075524
Sentence2:0.26770931469758097
Sentence3:0.0
Sentence4:0.38071015414152043
Sentence5:0.3164918233231852
Sentence6:0.7623917462370566
Sentence7:0.21188540235493908
Sentence8:0.36156345106488474
Sentence9:0.5120035191736744
Sentence10:0.6017728944812497
