--------------- BLEU TRANSLATION SCORE ---------------

Candidate file: systran.tok
Reference file: e.tok

Sentence1:0.3600776854897997
Sentence2:0.2691662243112666
Sentence3:0.0
Sentence4:0.29730177875068026
Sentence5:0.24062491113147336
Sentence6:0.7659756237473674
Sentence7:0.40745500016423886
Sentence8:0.3696853394838423
Sentence9:0.33635856610148585
Sentence10:0.0
